DQ060923.1	LATX02000144.1	100.000	19	0	0	262	280	842318	842336	0.35	36.2
DQ060923.1	LATX02000144.1	100.000	16	0	0	171	186	217738	217753	16	30.7
DQ060923.1	LATX02000144.1	100.000	14	0	0	92	105	261614	261627	210	27.0
DQ060923.1	LATX02000144.1	100.000	14	0	0	298	311	929957	929970	210	27.0
DQ060923.1	LATX02000144.1	100.000	13	0	0	189	201	263049	263037	754	25.1
DQ060923.1	LATX02000144.1	100.000	13	0	0	265	277	451672	451684	754	25.1
DQ060923.1	LATX02000144.1	93.750	16	1	0	112	127	715758	715773	754	25.1
DQ060923.1	LATX02000144.1	100.000	13	0	0	175	187	723344	723332	754	25.1
DQ060923.1	LATX02000144.1	100.000	13	0	0	133	145	823340	823352	754	25.1
DQ060923.1	LATX02000224.1	100.000	17	0	0	202	218	53306	53290	4.5	32.5
DQ060923.1	LATX02000224.1	100.000	14	0	0	113	126	100813	100826	210	27.0
DQ060923.1	LATX02000224.1	93.750	16	1	0	175	190	166569	166584	754	25.1
DQ060923.1	LATX02000224.1	100.000	13	0	0	231	243	207069	207081	754	25.1
DQ060923.1	LATX02000212.1	100.000	17	0	0	38	54	146757	146741	4.5	32.5
DQ060923.1	LATX02000212.1	100.000	14	0	0	186	199	213443	213430	210	27.0
DQ060923.1	LATX02000212.1	100.000	14	0	0	225	238	358386	358373	210	27.0
DQ060923.1	LATX02000212.1	93.750	16	1	0	65	80	51612	51597	754	25.1
DQ060923.1	LATX02000212.1	94.118	17	0	1	102	117	109244	109260	754	25.1
DQ060923.1	LATX02000212.1	94.118	17	0	1	102	117	111676	111692	754	25.1
DQ060923.1	LATX02000212.1	100.000	13	0	0	456	468	262816	262828	754	25.1
DQ060923.1	LATX02000212.1	90.000	20	0	2	355	373	283428	283410	754	25.1
DQ060923.1	LATX02000210.1	100.000	17	0	0	414	430	261668	261652	4.5	32.5
DQ060923.1	LATX02000210.1	94.737	19	0	1	112	129	94085	94067	58	28.8
DQ060923.1	LATX02000210.1	94.118	17	1	0	369	385	110434	110450	210	27.0
DQ060923.1	LATX02000181.1	100.000	17	0	0	271	287	160335	160351	4.5	32.5
DQ060923.1	LATX02000181.1	100.000	14	0	0	104	117	97971	97958	210	27.0
DQ060923.1	LATX02000181.1	100.000	14	0	0	470	483	127165	127178	210	27.0
DQ060923.1	LATX02000181.1	100.000	14	0	0	409	422	526222	526209	210	27.0
DQ060923.1	LATX02000181.1	100.000	13	0	0	257	269	115520	115508	754	25.1
DQ060923.1	LATX02000181.1	100.000	13	0	0	474	486	115876	115888	754	25.1
DQ060923.1	LATX02000181.1	94.118	17	0	1	102	117	204386	204402	754	25.1
DQ060923.1	LATX02000181.1	100.000	13	0	0	223	235	337445	337433	754	25.1
DQ060923.1	LATX02000181.1	90.000	20	1	1	263	281	700328	700347	754	25.1
DQ060923.1	LATX02000181.1	94.118	17	0	1	102	117	736638	736654	754	25.1
DQ060923.1	LATX02000035.1	95.238	21	0	1	250	269	1092684	1092664	4.5	32.5
DQ060923.1	LATX02000035.1	95.000	20	0	1	295	313	912205	912224	16	30.7
DQ060923.1	LATX02000035.1	91.304	23	0	2	315	336	1206120	1206141	16	30.7
DQ060923.1	LATX02000035.1	100.000	16	0	0	60	75	1388581	1388596	16	30.7
DQ060923.1	LATX02000035.1	94.444	18	0	1	355	372	460424	460408	210	27.0
DQ060923.1	LATX02000035.1	94.118	17	1	0	212	228	481841	481825	210	27.0
DQ060923.1	LATX02000035.1	94.118	17	1	0	259	275	1207442	1207426	210	27.0
DQ060923.1	LATX02000035.1	94.444	18	0	1	102	118	1321803	1321786	210	27.0
DQ060923.1	LATX02000035.1	100.000	14	0	0	161	174	1346951	1346964	210	27.0
DQ060923.1	LATX02000035.1	94.118	17	0	1	102	117	151942	151926	754	25.1
DQ060923.1	LATX02000035.1	94.118	17	0	1	102	117	442300	442316	754	25.1
DQ060923.1	LATX02000035.1	100.000	13	0	0	414	426	585326	585314	754	25.1
DQ060923.1	LATX02000035.1	93.750	16	1	0	35	50	965361	965376	754	25.1
DQ060923.1	LATX02000035.1	100.000	13	0	0	229	241	1013388	1013400	754	25.1
DQ060923.1	LATX02000035.1	100.000	13	0	0	2	14	1231281	1231293	754	25.1
DQ060923.1	LATX02000035.1	94.118	17	0	1	102	117	1294802	1294786	754	25.1
DQ060923.1	LATX02000035.1	100.000	13	0	0	122	134	1301365	1301377	754	25.1
DQ060923.1	LATX02000035.1	100.000	13	0	0	122	134	1303170	1303182	754	25.1
DQ060923.1	LATX02000035.1	100.000	13	0	0	105	117	1327625	1327613	754	25.1
DQ060923.1	LATX02000035.1	100.000	13	0	0	38	50	1329037	1329049	754	25.1
DQ060923.1	LATX02000035.1	100.000	13	0	0	457	469	1333800	1333788	754	25.1
DQ060923.1	LATX02000024.1	91.304	23	2	0	24	46	122744	122766	4.5	32.5
DQ060923.1	LATX02000024.1	100.000	15	0	0	120	134	224344	224358	58	28.8
DQ060923.1	LATX02000024.1	100.000	14	0	0	205	218	463617	463604	210	27.0
DQ060923.1	LATX02000024.1	100.000	14	0	0	205	218	472766	472753	210	27.0
DQ060923.1	LATX02000024.1	100.000	13	0	0	179	191	15335	15347	754	25.1
DQ060923.1	LATX02000024.1	100.000	13	0	0	130	142	42740	42728	754	25.1
DQ060923.1	LATX02000024.1	100.000	13	0	0	48	60	91446	91434	754	25.1
DQ060923.1	LATX02000024.1	93.750	16	1	0	129	144	167935	167920	754	25.1
DQ060923.1	LATX02000024.1	100.000	13	0	0	89	101	216241	216253	754	25.1
DQ060923.1	LATX02000024.1	93.750	16	1	0	459	474	520313	520298	754	25.1
DQ060923.1	LATX02000001.1	95.000	20	1	0	384	403	1666664	1666683	4.5	32.5
DQ060923.1	LATX02000001.1	91.304	23	2	0	98	120	2193778	2193800	4.5	32.5
DQ060923.1	LATX02000001.1	100.000	16	0	0	27	42	543064	543079	16	30.7
DQ060923.1	LATX02000001.1	100.000	15	0	0	36	50	617443	617429	58	28.8
DQ060923.1	LATX02000001.1	100.000	15	0	0	173	187	762415	762429	58	28.8
DQ060923.1	LATX02000001.1	100.000	15	0	0	109	123	856170	856156	58	28.8
DQ060923.1	LATX02000001.1	94.444	18	1	0	345	362	1275492	1275509	58	28.8
DQ060923.1	LATX02000001.1	94.444	18	1	0	357	374	1425100	1425117	58	28.8
DQ060923.1	LATX02000001.1	100.000	15	0	0	35	49	1441339	1441353	58	28.8
DQ060923.1	LATX02000001.1	90.909	22	0	2	26	47	1688971	1688952	58	28.8
DQ060923.1	LATX02000001.1	100.000	15	0	0	2	16	3062583	3062597	58	28.8
DQ060923.1	LATX02000001.1	100.000	14	0	0	452	465	288621	288608	210	27.0
DQ060923.1	LATX02000001.1	90.476	21	1	1	377	396	358351	358331	210	27.0
DQ060923.1	LATX02000001.1	100.000	14	0	0	179	192	728773	728786	210	27.0
DQ060923.1	LATX02000001.1	100.000	14	0	0	86	99	751808	751821	210	27.0
DQ060923.1	LATX02000001.1	100.000	14	0	0	455	468	768671	768684	210	27.0
DQ060923.1	LATX02000001.1	94.118	17	1	0	262	278	885274	885258	210	27.0
DQ060923.1	LATX02000001.1	100.000	14	0	0	350	363	1690874	1690887	210	27.0
DQ060923.1	LATX02000001.1	94.118	17	1	0	179	195	1942765	1942781	210	27.0
DQ060923.1	LATX02000001.1	100.000	14	0	0	411	424	2011142	2011129	210	27.0
DQ060923.1	LATX02000001.1	100.000	14	0	0	354	367	2193937	2193950	210	27.0
DQ060923.1	LATX02000001.1	100.000	14	0	0	104	117	2429832	2429819	210	27.0
DQ060923.1	LATX02000001.1	100.000	14	0	0	236	249	2869709	2869722	210	27.0
DQ060923.1	LATX02000001.1	100.000	13	0	0	148	160	9574	9586	754	25.1
DQ060923.1	LATX02000001.1	100.000	13	0	0	97	109	122931	122943	754	25.1
DQ060923.1	LATX02000001.1	100.000	13	0	0	149	161	139016	139028	754	25.1
DQ060923.1	LATX02000001.1	100.000	13	0	0	373	385	170265	170277	754	25.1
DQ060923.1	LATX02000001.1	94.118	17	0	1	102	117	184695	184679	754	25.1
DQ060923.1	LATX02000001.1	94.118	17	0	1	102	117	186596	186580	754	25.1
DQ060923.1	LATX02000001.1	94.118	17	0	1	102	117	300303	300319	754	25.1
DQ060923.1	LATX02000001.1	100.000	13	0	0	230	242	418665	418677	754	25.1
DQ060923.1	LATX02000001.1	93.750	16	1	0	451	466	521728	521713	754	25.1
DQ060923.1	LATX02000001.1	93.750	16	1	0	136	151	575975	575990	754	25.1
DQ060923.1	LATX02000001.1	100.000	13	0	0	262	274	686021	686033	754	25.1
DQ060923.1	LATX02000001.1	93.750	16	1	0	269	284	777245	777260	754	25.1
DQ060923.1	LATX02000001.1	100.000	13	0	0	24	36	911733	911721	754	25.1
DQ060923.1	LATX02000001.1	93.750	16	1	0	377	392	1019693	1019708	754	25.1
DQ060923.1	LATX02000001.1	100.000	13	0	0	241	253	1041080	1041068	754	25.1
DQ060923.1	LATX02000001.1	100.000	13	0	0	160	172	1073792	1073804	754	25.1
DQ060923.1	LATX02000001.1	100.000	13	0	0	124	136	1197576	1197564	754	25.1
DQ060923.1	LATX02000001.1	93.750	16	1	0	291	306	1205866	1205881	754	25.1
DQ060923.1	LATX02000001.1	100.000	13	0	0	10	22	1292265	1292253	754	25.1
DQ060923.1	LATX02000001.1	100.000	13	0	0	161	173	1863064	1863076	754	25.1
DQ060923.1	LATX02000001.1	93.750	16	1	0	354	369	2094906	2094891	754	25.1
DQ060923.1	LATX02000001.1	100.000	13	0	0	101	113	2216210	2216198	754	25.1
DQ060923.1	LATX02000001.1	94.118	17	0	1	102	117	2231241	2231225	754	25.1
DQ060923.1	LATX02000001.1	100.000	13	0	0	114	126	2607098	2607086	754	25.1
DQ060923.1	LATX02000001.1	100.000	13	0	0	124	136	2627429	2627441	754	25.1
DQ060923.1	LATX02000001.1	100.000	13	0	0	286	298	2774193	2774205	754	25.1
DQ060923.1	LATX02000001.1	100.000	13	0	0	456	468	2883241	2883253	754	25.1
DQ060923.1	LATX02000239.1	94.737	19	1	0	213	231	255792	255810	16	30.7
DQ060923.1	LATX02000239.1	100.000	15	0	0	358	372	24305	24291	58	28.8
DQ060923.1	LATX02000239.1	100.000	15	0	0	350	364	60966	60952	58	28.8
DQ060923.1	LATX02000239.1	94.444	18	1	0	176	193	180437	180420	58	28.8
DQ060923.1	LATX02000239.1	100.000	14	0	0	304	317	47664	47677	210	27.0
DQ060923.1	LATX02000239.1	100.000	13	0	0	258	270	142498	142486	754	25.1
DQ060923.1	LATX02000239.1	93.750	16	1	0	301	316	228167	228152	754	25.1
DQ060923.1	LATX02000218.1	94.737	19	1	0	64	82	225732	225714	16	30.7
DQ060923.1	LATX02000218.1	100.000	14	0	0	452	465	161433	161420	210	27.0
DQ060923.1	LATX02000218.1	100.000	13	0	0	421	433	12547	12559	754	25.1
DQ060923.1	LATX02000218.1	100.000	13	0	0	39	51	152676	152688	754	25.1
DQ060923.1	LATX02000218.1	94.118	17	0	1	102	117	267774	267758	754	25.1
DQ060923.1	LATX02000218.1	94.118	17	0	1	102	117	278269	278253	754	25.1
DQ060923.1	LATX02000218.1	94.118	17	0	1	118	133	320938	320954	754	25.1
DQ060923.1	LATX02000216.1	90.909	22	2	0	238	259	57120	57141	16	30.7
DQ060923.1	LATX02000216.1	100.000	14	0	0	418	431	385272	385285	210	27.0
DQ060923.1	LATX02000216.1	94.118	17	0	1	78	94	19295	19310	754	25.1
DQ060923.1	LATX02000216.1	100.000	13	0	0	377	389	29117	29105	754	25.1
DQ060923.1	LATX02000216.1	100.000	13	0	0	341	353	169373	169385	754	25.1
DQ060923.1	LATX02000216.1	100.000	13	0	0	42	54	271532	271544	754	25.1
DQ060923.1	LATX02000216.1	90.000	20	1	1	5	23	373619	373600	754	25.1
DQ060923.1	LATX02000215.1	100.000	16	0	0	160	175	72527	72512	16	30.7
DQ060923.1	LATX02000215.1	94.118	17	0	1	102	117	116240	116224	754	25.1
DQ060923.1	LATX02000215.1	100.000	13	0	0	441	453	126344	126332	754	25.1
DQ060923.1	LATX02000215.1	100.000	13	0	0	66	78	327060	327048	754	25.1
DQ060923.1	LATX02000215.1	93.750	16	1	0	120	135	331610	331625	754	25.1
DQ060923.1	LATX02000207.1	100.000	16	0	0	263	278	97742	97757	16	30.7
DQ060923.1	LATX02000207.1	100.000	15	0	0	16	30	114793	114779	58	28.8
DQ060923.1	LATX02000207.1	100.000	15	0	0	37	51	159287	159301	58	28.8
DQ060923.1	LATX02000207.1	100.000	15	0	0	116	130	408823	408809	58	28.8
DQ060923.1	LATX02000207.1	100.000	13	0	0	293	305	399187	399175	754	25.1
DQ060923.1	LATX02000206.1	100.000	16	0	0	464	479	112821	112806	16	30.7
DQ060923.1	LATX02000206.1	100.000	14	0	0	123	136	103215	103202	210	27.0
DQ060923.1	LATX02000206.1	100.000	13	0	0	241	253	295389	295377	754	25.1
DQ060923.1	LATX02000206.1	93.750	16	1	0	445	460	349742	349727	754	25.1
DQ060923.1	LATX02000206.1	94.118	17	0	1	102	117	381798	381814	754	25.1
DQ060923.1	LATX02000202.1	94.737	19	1	0	124	142	258685	258667	16	30.7
DQ060923.1	LATX02000202.1	100.000	15	0	0	203	217	471863	471877	58	28.8
DQ060923.1	LATX02000202.1	90.000	20	2	0	31	50	321636	321617	210	27.0
DQ060923.1	LATX02000202.1	100.000	14	0	0	114	127	343454	343441	210	27.0
DQ060923.1	LATX02000202.1	100.000	14	0	0	114	127	405296	405309	210	27.0
DQ060923.1	LATX02000202.1	100.000	14	0	0	242	255	442932	442919	210	27.0
DQ060923.1	LATX02000202.1	93.750	16	1	0	26	41	54168	54183	754	25.1
DQ060923.1	LATX02000202.1	100.000	13	0	0	35	47	161580	161592	754	25.1
DQ060923.1	LATX02000202.1	100.000	13	0	0	296	308	163316	163328	754	25.1
DQ060923.1	LATX02000200.1	91.304	23	1	1	466	487	1010163	1010185	16	30.7
DQ060923.1	LATX02000200.1	100.000	16	0	0	160	175	1582484	1582469	16	30.7
DQ060923.1	LATX02000200.1	100.000	15	0	0	132	146	1227371	1227385	58	28.8
DQ060923.1	LATX02000200.1	100.000	15	0	0	70	84	1836398	1836384	58	28.8
DQ060923.1	LATX02000200.1	100.000	14	0	0	413	426	4174	4161	210	27.0
DQ060923.1	LATX02000200.1	100.000	14	0	0	411	424	330704	330717	210	27.0
DQ060923.1	LATX02000200.1	100.000	14	0	0	460	473	487124	487111	210	27.0
DQ060923.1	LATX02000200.1	100.000	14	0	0	271	284	800876	800863	210	27.0
DQ060923.1	LATX02000200.1	100.000	14	0	0	65	78	1094614	1094601	210	27.0
DQ060923.1	LATX02000200.1	94.118	17	1	0	451	467	1398015	1397999	210	27.0
DQ060923.1	LATX02000200.1	100.000	14	0	0	117	130	1409896	1409909	210	27.0
DQ060923.1	LATX02000200.1	94.118	17	1	0	446	462	1770275	1770291	210	27.0
DQ060923.1	LATX02000200.1	100.000	14	0	0	354	367	1970154	1970141	210	27.0
DQ060923.1	LATX02000200.1	94.118	17	1	0	299	315	2127762	2127746	210	27.0
DQ060923.1	LATX02000200.1	100.000	14	0	0	263	276	2150862	2150849	210	27.0
DQ060923.1	LATX02000200.1	100.000	14	0	0	474	487	2160668	2160681	210	27.0
DQ060923.1	LATX02000200.1	94.118	17	1	0	101	117	2264908	2264924	210	27.0
DQ060923.1	LATX02000200.1	94.118	17	0	1	102	117	48707	48723	754	25.1
DQ060923.1	LATX02000200.1	94.118	17	0	1	102	117	81519	81503	754	25.1
DQ060923.1	LATX02000200.1	94.118	17	0	1	102	117	83398	83382	754	25.1
DQ060923.1	LATX02000200.1	93.750	16	1	0	256	271	91866	91881	754	25.1
DQ060923.1	LATX02000200.1	100.000	13	0	0	167	179	95393	95405	754	25.1
DQ060923.1	LATX02000200.1	94.118	17	0	1	102	117	138945	138929	754	25.1
DQ060923.1	LATX02000200.1	100.000	13	0	0	360	372	194023	194011	754	25.1
DQ060923.1	LATX02000200.1	94.118	17	0	1	102	117	268813	268797	754	25.1
DQ060923.1	LATX02000200.1	100.000	13	0	0	24	36	548131	548119	754	25.1
DQ060923.1	LATX02000200.1	100.000	13	0	0	371	383	622892	622880	754	25.1
DQ060923.1	LATX02000200.1	93.750	16	1	0	83	98	652565	652580	754	25.1
DQ060923.1	LATX02000200.1	93.750	16	1	0	349	364	664953	664938	754	25.1
DQ060923.1	LATX02000200.1	93.750	16	1	0	409	424	775127	775112	754	25.1
DQ060923.1	LATX02000200.1	100.000	13	0	0	246	258	779269	779257	754	25.1
DQ060923.1	LATX02000200.1	100.000	13	0	0	272	284	798005	797993	754	25.1
DQ060923.1	LATX02000200.1	100.000	13	0	0	129	141	867341	867353	754	25.1
DQ060923.1	LATX02000200.1	100.000	13	0	0	156	168	951385	951397	754	25.1
DQ060923.1	LATX02000200.1	94.118	17	0	1	251	267	1036791	1036776	754	25.1
DQ060923.1	LATX02000200.1	100.000	13	0	0	473	485	1044721	1044733	754	25.1
DQ060923.1	LATX02000200.1	93.750	16	1	0	292	307	1140613	1140598	754	25.1
DQ060923.1	LATX02000200.1	100.000	13	0	0	160	172	1347720	1347732	754	25.1
DQ060923.1	LATX02000200.1	100.000	13	0	0	241	253	1358981	1358993	754	25.1
DQ060923.1	LATX02000200.1	100.000	13	0	0	244	256	1384490	1384478	754	25.1
DQ060923.1	LATX02000200.1	100.000	13	0	0	379	391	1468299	1468311	754	25.1
DQ060923.1	LATX02000200.1	94.118	17	0	1	102	117	1946503	1946487	754	25.1
DQ060923.1	LATX02000200.1	94.118	17	0	1	102	117	1948009	1947993	754	25.1
DQ060923.1	LATX02000200.1	100.000	13	0	0	373	385	1955481	1955469	754	25.1
DQ060923.1	LATX02000200.1	100.000	13	0	0	23	35	2015484	2015496	754	25.1
DQ060923.1	LATX02000200.1	93.750	16	1	0	32	47	2022844	2022859	754	25.1
DQ060923.1	LATX02000200.1	93.750	16	1	0	32	47	2025944	2025959	754	25.1
DQ060923.1	LATX02000200.1	100.000	13	0	0	413	425	2044393	2044381	754	25.1
DQ060923.1	LATX02000200.1	100.000	13	0	0	379	391	2059233	2059221	754	25.1
DQ060923.1	LATX02000200.1	100.000	13	0	0	114	126	2078392	2078404	754	25.1
DQ060923.1	LATX02000200.1	93.750	16	1	0	245	260	2095112	2095097	754	25.1
DQ060923.1	LATX02000200.1	100.000	13	0	0	77	89	2122959	2122947	754	25.1
DQ060923.1	LATX02000200.1	100.000	13	0	0	251	263	2157060	2157072	754	25.1
DQ060923.1	LATX02000200.1	100.000	13	0	0	472	484	2199827	2199815	754	25.1
DQ060923.1	LATX02000200.1	93.750	16	1	0	37	52	2289777	2289792	754	25.1
DQ060923.1	LATX02000200.1	100.000	13	0	0	150	162	2308604	2308592	754	25.1
DQ060923.1	LATX02000200.1	94.118	17	0	1	102	117	2313565	2313549	754	25.1
DQ060923.1	LATX02000200.1	94.118	17	0	1	102	117	2317384	2317368	754	25.1
DQ060923.1	LATX02000198.1	94.737	19	1	0	61	79	33959	33977	16	30.7
DQ060923.1	LATX02000198.1	93.750	16	1	0	254	269	94100	94115	754	25.1
DQ060923.1	LATX02000198.1	93.750	16	1	0	181	196	306670	306685	754	25.1
DQ060923.1	LATX02000198.1	93.750	16	1	0	125	140	351592	351607	754	25.1
DQ060923.1	LATX02000198.1	100.000	13	0	0	370	382	476281	476293	754	25.1
DQ060923.1	LATX02000198.1	93.750	16	1	0	214	229	483087	483102	754	25.1
DQ060923.1	LATX02000194.1	95.000	20	0	1	134	153	368296	368278	16	30.7
DQ060923.1	LATX02000194.1	100.000	15	0	0	40	54	273436	273422	58	28.8
DQ060923.1	LATX02000194.1	100.000	14	0	0	269	282	95324	95311	210	27.0
DQ060923.1	LATX02000194.1	100.000	14	0	0	242	255	116708	116721	210	27.0
DQ060923.1	LATX02000194.1	100.000	14	0	0	167	180	324775	324788	210	27.0
DQ060923.1	LATX02000194.1	100.000	13	0	0	230	242	122356	122344	754	25.1
DQ060923.1	LATX02000194.1	100.000	13	0	0	472	484	152408	152396	754	25.1
DQ060923.1	LATX02000194.1	100.000	13	0	0	230	242	190025	190037	754	25.1
DQ060923.1	LATX02000194.1	93.750	16	1	0	211	226	360325	360340	754	25.1
DQ060923.1	LATX02000194.1	93.750	16	1	0	455	470	482183	482168	754	25.1
DQ060923.1	LATX02000194.1	94.118	17	0	1	102	117	544875	544891	754	25.1
DQ060923.1	LATX02000194.1	100.000	13	0	0	39	51	611859	611871	754	25.1
DQ060923.1	LATX02000193.1	94.737	19	1	0	102	120	354707	354725	16	30.7
DQ060923.1	LATX02000193.1	100.000	15	0	0	104	118	276550	276536	58	28.8
DQ060923.1	LATX02000193.1	100.000	14	0	0	463	476	138911	138898	210	27.0
DQ060923.1	LATX02000193.1	90.000	20	2	0	223	242	617193	617174	210	27.0
DQ060923.1	LATX02000193.1	100.000	13	0	0	463	475	14456	14444	754	25.1
DQ060923.1	LATX02000193.1	100.000	13	0	0	422	434	58504	58492	754	25.1
DQ060923.1	LATX02000193.1	100.000	13	0	0	141	153	120429	120441	754	25.1
DQ060923.1	LATX02000193.1	100.000	13	0	0	424	436	123593	123581	754	25.1
DQ060923.1	LATX02000193.1	93.750	16	1	0	188	203	160966	160951	754	25.1
DQ060923.1	LATX02000193.1	100.000	13	0	0	111	123	301038	301026	754	25.1
DQ060923.1	LATX02000193.1	100.000	13	0	0	111	123	303571	303559	754	25.1
DQ060923.1	LATX02000193.1	100.000	13	0	0	451	463	336435	336447	754	25.1
DQ060923.1	LATX02000193.1	100.000	13	0	0	341	353	443619	443631	754	25.1
DQ060923.1	LATX02000193.1	100.000	13	0	0	185	197	453099	453087	754	25.1
DQ060923.1	LATX02000193.1	100.000	13	0	0	166	178	508805	508817	754	25.1
DQ060923.1	LATX02000193.1	100.000	13	0	0	171	183	547329	547317	754	25.1
DQ060923.1	LATX02000187.1	95.000	20	0	1	263	281	618600	618581	16	30.7
DQ060923.1	LATX02000187.1	100.000	15	0	0	399	413	80576	80590	58	28.8
DQ060923.1	LATX02000187.1	100.000	14	0	0	452	465	42383	42370	210	27.0
DQ060923.1	LATX02000187.1	94.118	17	1	0	160	176	160412	160428	210	27.0
DQ060923.1	LATX02000187.1	94.118	17	1	0	261	277	479846	479830	210	27.0
DQ060923.1	LATX02000187.1	93.750	16	1	0	453	468	129148	129133	754	25.1
DQ060923.1	LATX02000187.1	93.750	16	1	0	143	158	637382	637397	754	25.1
DQ060923.1	LATX02000187.1	100.000	13	0	0	173	185	657174	657162	754	25.1
DQ060923.1	LATX02000165.1	94.737	19	1	0	199	217	64705	64723	16	30.7
DQ060923.1	LATX02000165.1	100.000	15	0	0	395	409	230348	230334	58	28.8
DQ060923.1	LATX02000165.1	100.000	14	0	0	204	217	56600	56613	210	27.0
DQ060923.1	LATX02000165.1	94.118	17	1	0	269	285	164169	164185	210	27.0
DQ060923.1	LATX02000165.1	100.000	14	0	0	32	45	264374	264387	210	27.0
DQ060923.1	LATX02000165.1	93.750	16	1	0	168	183	128607	128592	754	25.1
DQ060923.1	LATX02000165.1	100.000	13	0	0	419	431	179540	179552	754	25.1
DQ060923.1	LATX02000112.1	94.737	19	1	0	283	301	270763	270745	16	30.7
DQ060923.1	LATX02000112.1	94.737	19	1	0	253	271	466327	466345	16	30.7
DQ060923.1	LATX02000112.1	100.000	15	0	0	35	49	337017	337031	58	28.8
DQ060923.1	LATX02000112.1	94.444	18	1	0	163	180	630349	630332	58	28.8
DQ060923.1	LATX02000112.1	100.000	15	0	0	177	191	709544	709558	58	28.8
DQ060923.1	LATX02000112.1	90.476	21	2	0	129	149	779158	779178	58	28.8
DQ060923.1	LATX02000112.1	100.000	14	0	0	381	394	750124	750137	210	27.0
DQ060923.1	LATX02000112.1	100.000	13	0	0	377	389	113119	113107	754	25.1
DQ060923.1	LATX02000112.1	100.000	13	0	0	446	458	134572	134560	754	25.1
DQ060923.1	LATX02000112.1	100.000	13	0	0	130	142	358285	358273	754	25.1
DQ060923.1	LATX02000112.1	100.000	13	0	0	289	301	365016	365004	754	25.1
DQ060923.1	LATX02000112.1	94.118	17	0	1	386	402	715018	715033	754	25.1
DQ060923.1	LATX02000112.1	100.000	13	0	0	138	150	795420	795408	754	25.1
DQ060923.1	LATX02000112.1	100.000	13	0	0	475	487	910967	910955	754	25.1
DQ060923.1	LATX02000010.1	94.737	19	1	0	213	231	3939	3921	16	30.7
DQ060923.1	LATX02000010.1	94.737	19	1	0	213	231	4404	4386	16	30.7
DQ060923.1	LATX02000010.1	94.118	17	0	1	102	117	9107	9123	754	25.1
DQ060923.1	LATX02000010.1	100.000	13	0	0	277	289	24364	24376	754	25.1
DQ060923.1	LATX02000010.1	100.000	13	0	0	414	426	31048	31036	754	25.1
DQ060923.1	LATX02000010.1	100.000	13	0	0	418	430	40923	40911	754	25.1
DQ060923.1	LATX02000010.1	93.750	16	1	0	433	448	134457	134442	754	25.1
DQ060923.1	LATX02000251.1	94.444	18	1	0	413	430	111926	111909	58	28.8
DQ060923.1	LATX02000251.1	90.476	21	1	1	102	121	22556	22536	210	27.0
DQ060923.1	LATX02000251.1	100.000	14	0	0	275	288	113253	113266	210	27.0
DQ060923.1	LATX02000251.1	100.000	14	0	0	34	47	147120	147107	210	27.0
DQ060923.1	LATX02000251.1	94.118	17	0	1	102	117	6700	6684	754	25.1
DQ060923.1	LATX02000251.1	94.118	17	0	1	102	117	22151	22135	754	25.1
DQ060923.1	LATX02000251.1	94.118	17	0	1	102	117	23080	23064	754	25.1
DQ060923.1	LATX02000251.1	94.118	17	0	1	102	117	24442	24426	754	25.1
DQ060923.1	LATX02000251.1	100.000	13	0	0	113	125	46621	46633	754	25.1
DQ060923.1	LATX02000251.1	93.750	16	1	0	31	46	188680	188695	754	25.1
DQ060923.1	LATX02000251.1	100.000	13	0	0	213	225	200391	200379	754	25.1
DQ060923.1	LATX02000248.1	100.000	15	0	0	177	191	11931	11945	58	28.8
DQ060923.1	LATX02000248.1	94.118	17	0	1	102	117	27752	27768	754	25.1
DQ060923.1	LATX02000248.1	100.000	13	0	0	39	51	51226	51214	754	25.1
DQ060923.1	LATX02000248.1	100.000	13	0	0	34	46	111972	111984	754	25.1
DQ060923.1	LATX02000248.1	93.750	16	1	0	42	57	163184	163169	754	25.1
DQ060923.1	LATX02000245.1	100.000	15	0	0	263	277	70240	70254	58	28.8
DQ060923.1	LATX02000245.1	100.000	13	0	0	4	16	24690	24702	754	25.1
DQ060923.1	LATX02000245.1	100.000	13	0	0	193	205	57121	57109	754	25.1
DQ060923.1	LATX02000245.1	94.118	17	0	1	102	117	226522	226538	754	25.1
DQ060923.1	LATX02000241.1	94.444	18	1	0	41	58	53535	53552	58	28.8
DQ060923.1	LATX02000241.1	100.000	14	0	0	369	382	24754	24767	210	27.0
DQ060923.1	LATX02000241.1	94.444	18	0	1	149	166	97524	97508	210	27.0
DQ060923.1	LATX02000241.1	100.000	13	0	0	315	327	7275	7287	754	25.1
DQ060923.1	LATX02000241.1	100.000	13	0	0	29	41	31864	31852	754	25.1
DQ060923.1	LATX02000232.1	94.444	18	1	0	106	123	95443	95460	58	28.8
DQ060923.1	LATX02000232.1	94.118	17	1	0	326	342	19647	19663	210	27.0
DQ060923.1	LATX02000232.1	94.118	17	1	0	106	122	243632	243616	210	27.0
DQ060923.1	LATX02000232.1	93.750	16	1	0	235	250	121218	121203	754	25.1
DQ060923.1	LATX02000232.1	100.000	13	0	0	288	300	195314	195326	754	25.1
DQ060923.1	LATX02000232.1	93.750	16	1	0	286	301	203920	203935	754	25.1
DQ060923.1	LATX02000227.1	100.000	15	0	0	103	117	294456	294442	58	28.8
DQ060923.1	LATX02000227.1	100.000	13	0	0	131	143	5953	5941	754	25.1
DQ060923.1	LATX02000227.1	100.000	13	0	0	131	143	53918	53930	754	25.1
DQ060923.1	LATX02000227.1	100.000	13	0	0	124	136	106225	106237	754	25.1
DQ060923.1	LATX02000227.1	94.118	17	0	1	102	117	261901	261917	754	25.1
DQ060923.1	LATX02000227.1	94.118	17	0	1	102	117	263984	264000	754	25.1
DQ060923.1	LATX02000227.1	100.000	13	0	0	133	145	295960	295948	754	25.1
DQ060923.1	LATX02000220.1	100.000	15	0	0	357	371	18961	18975	58	28.8
DQ060923.1	LATX02000220.1	100.000	15	0	0	336	350	341160	341174	58	28.8
DQ060923.1	LATX02000220.1	100.000	13	0	0	43	55	136640	136652	754	25.1
DQ060923.1	LATX02000220.1	93.750	16	1	0	106	121	161173	161188	754	25.1
DQ060923.1	LATX02000220.1	100.000	13	0	0	149	161	280189	280201	754	25.1
DQ060923.1	LATX02000211.1	100.000	15	0	0	265	279	907829	907815	58	28.8
DQ060923.1	LATX02000211.1	94.118	17	1	0	38	54	54600	54616	210	27.0
DQ060923.1	LATX02000211.1	100.000	14	0	0	202	215	290661	290674	210	27.0
DQ060923.1	LATX02000211.1	94.118	17	1	0	116	132	661204	661188	210	27.0
DQ060923.1	LATX02000211.1	100.000	14	0	0	471	484	687554	687567	210	27.0
DQ060923.1	LATX02000211.1	100.000	14	0	0	39	52	1270820	1270833	210	27.0
DQ060923.1	LATX02000211.1	93.750	16	1	0	262	277	4768	4783	754	25.1
DQ060923.1	LATX02000211.1	93.750	16	1	0	133	148	34948	34933	754	25.1
DQ060923.1	LATX02000211.1	93.750	16	1	0	133	148	91082	91067	754	25.1
DQ060923.1	LATX02000211.1	100.000	13	0	0	45	57	424851	424863	754	25.1
DQ060923.1	LATX02000211.1	100.000	13	0	0	450	462	474601	474589	754	25.1
DQ060923.1	LATX02000211.1	100.000	13	0	0	107	119	623781	623769	754	25.1
DQ060923.1	LATX02000211.1	93.750	16	1	0	257	272	704999	705014	754	25.1
DQ060923.1	LATX02000211.1	90.000	20	1	1	83	101	749473	749454	754	25.1
DQ060923.1	LATX02000211.1	100.000	13	0	0	46	58	823949	823937	754	25.1
DQ060923.1	LATX02000211.1	100.000	13	0	0	234	246	969944	969956	754	25.1
DQ060923.1	LATX02000211.1	100.000	13	0	0	154	166	1001597	1001585	754	25.1
DQ060923.1	LATX02000211.1	100.000	13	0	0	56	68	1110553	1110565	754	25.1
DQ060923.1	LATX02000211.1	93.750	16	1	0	299	314	1186471	1186486	754	25.1
DQ060923.1	LATX02000211.1	93.750	16	1	0	172	187	1280332	1280347	754	25.1
DQ060923.1	LATX02000211.1	100.000	13	0	0	358	370	1347001	1346989	754	25.1
DQ060923.1	LATX02000211.1	100.000	13	0	0	464	476	1692052	1692040	754	25.1
DQ060923.1	LATX02000211.1	93.750	16	1	0	122	137	1751811	1751796	754	25.1
DQ060923.1	LATX02000211.1	100.000	13	0	0	272	284	1804780	1804792	754	25.1
DQ060923.1	LATX02000211.1	100.000	13	0	0	417	429	1900440	1900428	754	25.1
DQ060923.1	LATX02000211.1	93.750	16	1	0	263	278	2049289	2049304	754	25.1
DQ060923.1	LATX02000211.1	100.000	13	0	0	2	14	2055209	2055197	754	25.1
DQ060923.1	LATX02000208.1	100.000	15	0	0	283	297	162475	162489	58	28.8
DQ060923.1	LATX02000208.1	100.000	15	0	0	127	141	264078	264092	58	28.8
DQ060923.1	LATX02000208.1	94.118	17	0	1	102	117	8915	8931	754	25.1
DQ060923.1	LATX02000208.1	93.750	16	1	0	121	136	296467	296452	754	25.1
DQ060923.1	LATX02000201.1	100.000	15	0	0	103	117	3863	3849	58	28.8
DQ060923.1	LATX02000201.1	100.000	15	0	0	103	117	21745	21731	58	28.8
DQ060923.1	LATX02000201.1	94.118	17	0	1	39	55	433692	433677	754	25.1
DQ060923.1	LATX02000199.1	100.000	15	0	0	273	287	102669	102683	58	28.8
DQ060923.1	LATX02000199.1	100.000	13	0	0	10	22	21092	21080	754	25.1
DQ060923.1	LATX02000199.1	100.000	13	0	0	379	391	34568	34556	754	25.1
DQ060923.1	LATX02000199.1	100.000	13	0	0	457	469	53804	53792	754	25.1
DQ060923.1	LATX02000199.1	100.000	13	0	0	297	309	195916	195928	754	25.1
DQ060923.1	LATX02000199.1	100.000	13	0	0	206	218	268069	268057	754	25.1
DQ060923.1	LATX02000199.1	100.000	13	0	0	410	422	282114	282126	754	25.1
DQ060923.1	LATX02000199.1	100.000	13	0	0	195	207	317248	317260	754	25.1
DQ060923.1	LATX02000199.1	100.000	13	0	0	167	179	497380	497392	754	25.1
DQ060923.1	LATX02000197.1	90.909	22	0	2	284	305	176400	176381	58	28.8
DQ060923.1	LATX02000197.1	100.000	15	0	0	262	276	220759	220773	58	28.8
DQ060923.1	LATX02000197.1	94.118	17	1	0	452	468	402461	402445	210	27.0
DQ060923.1	LATX02000197.1	100.000	14	0	0	46	59	544403	544390	210	27.0
DQ060923.1	LATX02000197.1	100.000	13	0	0	203	215	109524	109536	754	25.1
DQ060923.1	LATX02000197.1	100.000	13	0	0	474	486	111656	111644	754	25.1
DQ060923.1	LATX02000197.1	100.000	13	0	0	426	438	171955	171967	754	25.1
DQ060923.1	LATX02000197.1	100.000	13	0	0	65	77	175168	175156	754	25.1
DQ060923.1	LATX02000197.1	94.118	17	0	1	173	188	239900	239884	754	25.1
DQ060923.1	LATX02000197.1	94.118	17	0	1	102	117	463058	463074	754	25.1
DQ060923.1	LATX02000197.1	93.750	16	1	0	92	107	510410	510425	754	25.1
DQ060923.1	LATX02000197.1	100.000	13	0	0	353	365	530021	530033	754	25.1
DQ060923.1	LATX02000189.1	94.444	18	1	0	266	283	1019139	1019156	58	28.8
DQ060923.1	LATX02000189.1	90.909	22	0	2	416	435	1362254	1362233	58	28.8
DQ060923.1	LATX02000189.1	94.444	18	0	1	464	481	175677	175661	210	27.0
DQ060923.1	LATX02000189.1	100.000	14	0	0	45	58	696739	696726	210	27.0
DQ060923.1	LATX02000189.1	100.000	14	0	0	285	298	911846	911833	210	27.0
DQ060923.1	LATX02000189.1	100.000	14	0	0	284	297	1164368	1164355	210	27.0
DQ060923.1	LATX02000189.1	100.000	13	0	0	451	463	356721	356733	754	25.1
DQ060923.1	LATX02000189.1	100.000	13	0	0	375	387	407773	407761	754	25.1
DQ060923.1	LATX02000189.1	93.750	16	1	0	98	113	441128	441143	754	25.1
DQ060923.1	LATX02000189.1	100.000	13	0	0	462	474	549532	549544	754	25.1
DQ060923.1	LATX02000189.1	100.000	13	0	0	454	466	1027020	1027032	754	25.1
DQ060923.1	LATX02000189.1	93.750	16	1	0	428	443	1070617	1070632	754	25.1
DQ060923.1	LATX02000189.1	100.000	13	0	0	89	101	1215692	1215704	754	25.1
DQ060923.1	LATX02000189.1	100.000	13	0	0	421	433	1302517	1302529	754	25.1
DQ060923.1	LATX02000189.1	100.000	13	0	0	130	142	1443768	1443756	754	25.1
DQ060923.1	LATX02000186.1	94.444	18	1	0	468	485	344283	344266	58	28.8
DQ060923.1	LATX02000186.1	90.476	21	2	0	263	283	527204	527224	58	28.8
DQ060923.1	LATX02000186.1	90.476	21	1	1	406	426	13377	13396	210	27.0
DQ060923.1	LATX02000186.1	100.000	14	0	0	131	144	549305	549318	210	27.0
DQ060923.1	LATX02000186.1	100.000	13	0	0	422	434	16985	16973	754	25.1
DQ060923.1	LATX02000186.1	100.000	13	0	0	310	322	117413	117425	754	25.1
DQ060923.1	LATX02000186.1	100.000	13	0	0	408	420	342700	342688	754	25.1
DQ060923.1	LATX02000186.1	100.000	13	0	0	283	295	372491	372479	754	25.1
DQ060923.1	LATX02000186.1	100.000	13	0	0	416	428	385217	385229	754	25.1
DQ060923.1	LATX02000186.1	100.000	13	0	0	150	162	498553	498565	754	25.1
DQ060923.1	LATX02000186.1	100.000	13	0	0	166	178	572112	572124	754	25.1
DQ060923.1	LATX02000186.1	93.750	16	1	0	190	205	638972	638957	754	25.1
DQ060923.1	LATX02000185.1	100.000	15	0	0	457	471	181612	181626	58	28.8
DQ060923.1	LATX02000185.1	100.000	14	0	0	231	244	555325	555312	210	27.0
DQ060923.1	LATX02000185.1	90.476	21	1	1	297	317	653867	653886	210	27.0
DQ060923.1	LATX02000185.1	100.000	13	0	0	116	128	122225	122213	754	25.1
DQ060923.1	LATX02000185.1	100.000	13	0	0	7	19	124701	124713	754	25.1
DQ060923.1	LATX02000185.1	93.750	16	1	0	262	277	145317	145302	754	25.1
DQ060923.1	LATX02000185.1	100.000	13	0	0	111	123	167053	167065	754	25.1
DQ060923.1	LATX02000185.1	100.000	13	0	0	451	463	218876	218888	754	25.1
DQ060923.1	LATX02000185.1	94.118	17	0	1	102	117	249484	249500	754	25.1
DQ060923.1	LATX02000185.1	93.750	16	1	0	105	120	340457	340442	754	25.1
DQ060923.1	LATX02000185.1	100.000	13	0	0	113	125	374444	374456	754	25.1
DQ060923.1	LATX02000185.1	100.000	13	0	0	201	213	379749	379737	754	25.1
DQ060923.1	LATX02000185.1	100.000	13	0	0	105	117	527956	527968	754	25.1
DQ060923.1	LATX02000185.1	93.750	16	1	0	106	121	703247	703232	754	25.1
DQ060923.1	LATX02000182.1	94.737	19	0	1	444	462	170963	170980	58	28.8
DQ060923.1	LATX02000182.1	100.000	15	0	0	212	226	202157	202171	58	28.8
DQ060923.1	LATX02000182.1	100.000	15	0	0	182	196	730048	730062	58	28.8
DQ060923.1	LATX02000182.1	100.000	14	0	0	148	161	72767	72780	210	27.0
DQ060923.1	LATX02000182.1	100.000	14	0	0	206	219	334649	334636	210	27.0
DQ060923.1	LATX02000182.1	100.000	14	0	0	31	44	610819	610806	210	27.0
DQ060923.1	LATX02000182.1	94.118	17	1	0	259	275	693552	693536	210	27.0
DQ060923.1	LATX02000182.1	100.000	13	0	0	274	286	186128	186116	754	25.1
DQ060923.1	LATX02000182.1	100.000	13	0	0	456	468	194400	194388	754	25.1
DQ060923.1	LATX02000182.1	100.000	13	0	0	293	305	436338	436350	754	25.1
DQ060923.1	LATX02000182.1	100.000	13	0	0	98	110	636172	636184	754	25.1
DQ060923.1	LATX02000182.1	93.750	16	1	0	415	430	641863	641848	754	25.1
DQ060923.1	LATX02000182.1	93.750	16	1	0	435	450	646253	646268	754	25.1
DQ060923.1	LATX02000180.1	90.909	22	1	1	5	26	599401	599421	58	28.8
DQ060923.1	LATX02000180.1	100.000	14	0	0	200	213	623319	623332	210	27.0
DQ060923.1	LATX02000180.1	100.000	13	0	0	290	302	131137	131125	754	25.1
DQ060923.1	LATX02000180.1	100.000	13	0	0	11	23	162509	162497	754	25.1
DQ060923.1	LATX02000180.1	100.000	13	0	0	451	463	369799	369787	754	25.1
DQ060923.1	LATX02000180.1	100.000	13	0	0	217	229	504323	504335	754	25.1
DQ060923.1	LATX02000180.1	93.750	16	1	0	37	52	674823	674808	754	25.1
DQ060923.1	LATX02000178.1	100.000	15	0	0	118	132	402342	402356	58	28.8
DQ060923.1	LATX02000178.1	100.000	14	0	0	104	117	270266	270253	210	27.0
DQ060923.1	LATX02000178.1	100.000	14	0	0	128	141	270777	270790	210	27.0
DQ060923.1	LATX02000178.1	100.000	14	0	0	405	418	410897	410884	210	27.0
DQ060923.1	LATX02000178.1	100.000	14	0	0	289	302	414598	414585	210	27.0
DQ060923.1	LATX02000178.1	100.000	14	0	0	20	33	441096	441109	210	27.0
DQ060923.1	LATX02000178.1	93.750	16	1	0	167	182	520724	520709	754	25.1
DQ060923.1	LATX02000177.1	100.000	15	0	0	177	191	183998	184012	58	28.8
DQ060923.1	LATX02000177.1	94.737	19	0	1	112	129	234065	234083	58	28.8
DQ060923.1	LATX02000177.1	100.000	15	0	0	468	482	253896	253910	58	28.8
DQ060923.1	LATX02000177.1	100.000	14	0	0	146	159	139369	139356	210	27.0
DQ060923.1	LATX02000177.1	94.118	17	0	1	102	117	20826	20810	754	25.1
DQ060923.1	LATX02000177.1	100.000	13	0	0	466	478	26968	26956	754	25.1
DQ060923.1	LATX02000177.1	94.118	17	0	1	102	117	81760	81776	754	25.1
DQ060923.1	LATX02000177.1	90.000	20	0	2	176	194	144811	144829	754	25.1
DQ060923.1	LATX02000177.1	94.118	17	0	1	102	117	271327	271311	754	25.1
DQ060923.1	LATX02000176.1	100.000	15	0	0	120	134	231871	231885	58	28.8
DQ060923.1	LATX02000176.1	100.000	14	0	0	412	425	177904	177917	210	27.0
DQ060923.1	LATX02000176.1	100.000	14	0	0	291	304	413354	413341	210	27.0
DQ060923.1	LATX02000176.1	100.000	14	0	0	207	220	501187	501200	210	27.0
DQ060923.1	LATX02000176.1	100.000	14	0	0	36	49	660998	660985	210	27.0
DQ060923.1	LATX02000176.1	90.476	21	1	1	102	121	832592	832612	210	27.0
DQ060923.1	LATX02000176.1	100.000	13	0	0	230	242	399025	399037	754	25.1
DQ060923.1	LATX02000175.1	94.444	18	1	0	373	390	325576	325559	58	28.8
DQ060923.1	LATX02000175.1	100.000	14	0	0	123	136	628083	628096	210	27.0
DQ060923.1	LATX02000175.1	100.000	13	0	0	25	37	201097	201085	754	25.1
DQ060923.1	LATX02000175.1	100.000	13	0	0	172	184	206383	206371	754	25.1
DQ060923.1	LATX02000175.1	100.000	13	0	0	46	58	244024	244012	754	25.1
DQ060923.1	LATX02000175.1	100.000	13	0	0	122	134	284572	284560	754	25.1
DQ060923.1	LATX02000175.1	100.000	13	0	0	136	148	315652	315664	754	25.1
DQ060923.1	LATX02000175.1	100.000	13	0	0	288	300	347572	347584	754	25.1
DQ060923.1	LATX02000175.1	100.000	13	0	0	155	167	492972	492960	754	25.1
DQ060923.1	LATX02000175.1	100.000	13	0	0	445	457	502824	502812	754	25.1
DQ060923.1	LATX02000175.1	93.750	16	1	0	472	487	507833	507848	754	25.1
DQ060923.1	LATX02000175.1	100.000	13	0	0	31	43	533612	533624	754	25.1
DQ060923.1	LATX02000175.1	94.118	17	0	1	102	117	770287	770271	754	25.1
DQ060923.1	LATX02000175.1	94.118	17	0	1	102	117	771704	771688	754	25.1
DQ060923.1	LATX02000174.1	100.000	15	0	0	468	482	299587	299573	58	28.8
DQ060923.1	LATX02000174.1	90.000	20	2	0	190	209	220896	220877	210	27.0
DQ060923.1	LATX02000174.1	94.118	17	1	0	269	285	222821	222837	210	27.0
DQ060923.1	LATX02000174.1	100.000	14	0	0	377	390	262929	262942	210	27.0
DQ060923.1	LATX02000174.1	90.476	21	1	1	102	121	447843	447863	210	27.0
DQ060923.1	LATX02000174.1	100.000	14	0	0	124	137	544036	544023	210	27.0
DQ060923.1	LATX02000174.1	100.000	13	0	0	457	469	191428	191440	754	25.1
DQ060923.1	LATX02000174.1	94.118	17	0	1	100	116	296621	296606	754	25.1
DQ060923.1	LATX02000174.1	100.000	13	0	0	368	380	324176	324164	754	25.1
DQ060923.1	LATX02000174.1	100.000	13	0	0	135	147	452444	452456	754	25.1
DQ060923.1	LATX02000174.1	100.000	13	0	0	122	134	518365	518353	754	25.1
DQ060923.1	LATX02000154.1	94.444	18	1	0	106	123	394164	394147	58	28.8
DQ060923.1	LATX02000154.1	100.000	15	0	0	210	224	520977	520963	58	28.8
DQ060923.1	LATX02000154.1	94.118	17	1	0	229	245	179979	179963	210	27.0
DQ060923.1	LATX02000154.1	100.000	14	0	0	179	192	382123	382136	210	27.0
DQ060923.1	LATX02000154.1	94.118	17	1	0	31	47	447967	447983	210	27.0
DQ060923.1	LATX02000154.1	93.750	16	1	0	130	145	38977	38992	754	25.1
DQ060923.1	LATX02000154.1	100.000	13	0	0	85	97	86368	86356	754	25.1
DQ060923.1	LATX02000154.1	94.118	17	0	1	413	429	113817	113832	754	25.1
DQ060923.1	LATX02000154.1	100.000	13	0	0	227	239	265307	265295	754	25.1
DQ060923.1	LATX02000154.1	100.000	13	0	0	464	476	278997	278985	754	25.1
DQ060923.1	LATX02000154.1	94.118	17	0	1	102	117	324478	324462	754	25.1
DQ060923.1	LATX02000154.1	100.000	13	0	0	125	137	675137	675149	754	25.1
DQ060923.1	LATX02000154.1	94.118	17	0	1	102	117	686459	686475	754	25.1
DQ060923.1	LATX02000154.1	90.000	20	1	1	452	470	874538	874557	754	25.1
DQ060923.1	LATX02000154.1	100.000	13	0	0	221	233	899183	899195	754	25.1
DQ060923.1	LATX02000133.1	100.000	15	0	0	173	187	275625	275611	58	28.8
DQ060923.1	LATX02000133.1	100.000	15	0	0	116	130	1043881	1043867	58	28.8
DQ060923.1	LATX02000133.1	90.476	21	1	1	102	121	47578	47558	210	27.0
DQ060923.1	LATX02000133.1	90.476	21	1	1	369	389	413330	413311	210	27.0
DQ060923.1	LATX02000133.1	90.000	20	2	0	237	256	559174	559193	210	27.0
DQ060923.1	LATX02000133.1	100.000	14	0	0	341	354	570538	570551	210	27.0
DQ060923.1	LATX02000133.1	94.444	18	0	1	355	372	1001532	1001516	210	27.0
DQ060923.1	LATX02000133.1	94.118	17	0	1	102	117	13511	13527	754	25.1
DQ060923.1	LATX02000133.1	93.750	16	1	0	255	270	187634	187619	754	25.1
DQ060923.1	LATX02000133.1	100.000	13	0	0	410	422	356592	356580	754	25.1
DQ060923.1	LATX02000133.1	100.000	13	0	0	414	426	414838	414850	754	25.1
DQ060923.1	LATX02000133.1	100.000	13	0	0	207	219	512564	512576	754	25.1
DQ060923.1	LATX02000133.1	100.000	13	0	0	44	56	591136	591124	754	25.1
DQ060923.1	LATX02000133.1	94.118	17	0	1	102	117	716835	716851	754	25.1
DQ060923.1	LATX02000133.1	94.118	17	0	1	102	117	719167	719183	754	25.1
DQ060923.1	LATX02000133.1	94.118	17	0	1	102	117	744299	744315	754	25.1
DQ060923.1	LATX02000133.1	94.118	17	0	1	102	117	843728	843712	754	25.1
DQ060923.1	LATX02000133.1	94.118	17	0	1	267	282	897235	897219	754	25.1
DQ060923.1	LATX02000123.1	100.000	15	0	0	161	175	482850	482836	58	28.8
DQ060923.1	LATX02000123.1	94.444	18	1	0	146	163	541491	541474	58	28.8
DQ060923.1	LATX02000123.1	100.000	14	0	0	4	17	148325	148312	210	27.0
DQ060923.1	LATX02000123.1	100.000	14	0	0	203	216	179718	179731	210	27.0
DQ060923.1	LATX02000123.1	93.750	16	1	0	46	61	9332	9317	754	25.1
DQ060923.1	LATX02000123.1	100.000	13	0	0	416	428	111020	111032	754	25.1
DQ060923.1	LATX02000123.1	100.000	13	0	0	280	292	157825	157837	754	25.1
DQ060923.1	LATX02000123.1	100.000	13	0	0	51	63	161816	161828	754	25.1
DQ060923.1	LATX02000123.1	94.118	17	0	1	325	340	223052	223068	754	25.1
DQ060923.1	LATX02000123.1	93.750	16	1	0	164	179	339863	339848	754	25.1
DQ060923.1	LATX02000123.1	100.000	13	0	0	316	328	741761	741749	754	25.1
DQ060923.1	LATX02000123.1	100.000	13	0	0	427	439	787840	787828	754	25.1
DQ060923.1	LATX02000123.1	100.000	13	0	0	286	298	844909	844921	754	25.1
DQ060923.1	LATX02000123.1	94.118	17	0	1	168	184	861589	861604	754	25.1
DQ060923.1	LATX02000123.1	94.118	17	0	1	102	117	910914	910898	754	25.1
DQ060923.1	LATX02000123.1	94.118	17	0	1	102	117	992648	992632	754	25.1
DQ060923.1	LATX02000123.1	94.118	17	0	1	102	117	994264	994248	754	25.1
DQ060923.1	LATX02000089.1	100.000	15	0	0	296	310	859456	859442	58	28.8
DQ060923.1	LATX02000089.1	94.118	17	1	0	322	338	296117	296133	210	27.0
DQ060923.1	LATX02000089.1	100.000	14	0	0	294	307	434526	434539	210	27.0
DQ060923.1	LATX02000089.1	100.000	14	0	0	170	183	440698	440711	210	27.0
DQ060923.1	LATX02000089.1	94.444	18	0	1	355	372	683525	683541	210	27.0
DQ060923.1	LATX02000089.1	100.000	14	0	0	473	486	1071533	1071520	210	27.0
DQ060923.1	LATX02000089.1	100.000	13	0	0	113	125	77116	77128	754	25.1
DQ060923.1	LATX02000089.1	93.750	16	1	0	65	80	167500	167515	754	25.1
DQ060923.1	LATX02000089.1	100.000	13	0	0	106	118	323452	323440	754	25.1
DQ060923.1	LATX02000089.1	93.750	16	1	0	124	139	409572	409557	754	25.1
DQ060923.1	LATX02000089.1	93.750	16	1	0	369	384	731252	731267	754	25.1
DQ060923.1	LATX02000089.1	100.000	13	0	0	130	142	819820	819832	754	25.1
DQ060923.1	LATX02000089.1	100.000	13	0	0	105	117	894405	894393	754	25.1
DQ060923.1	LATX02000089.1	100.000	13	0	0	38	50	895817	895829	754	25.1
DQ060923.1	LATX02000089.1	100.000	13	0	0	367	379	914516	914528	754	25.1
DQ060923.1	LATX02000089.1	93.750	16	1	0	19	34	1086239	1086224	754	25.1
DQ060923.1	LATX02000060.1	94.444	18	1	0	146	163	9586	9569	58	28.8
DQ060923.1	LATX02000060.1	94.444	18	1	0	146	163	12629	12612	58	28.8
DQ060923.1	LATX02000046.1	100.000	15	0	0	369	383	243287	243273	58	28.8
DQ060923.1	LATX02000046.1	94.444	18	1	0	113	130	453145	453162	58	28.8
DQ060923.1	LATX02000046.1	94.737	19	0	1	106	124	1266440	1266423	58	28.8
DQ060923.1	LATX02000046.1	100.000	14	0	0	413	426	98	111	210	27.0
DQ060923.1	LATX02000046.1	100.000	14	0	0	116	129	163518	163531	210	27.0
DQ060923.1	LATX02000046.1	94.118	17	1	0	180	196	612737	612753	210	27.0
DQ060923.1	LATX02000046.1	100.000	14	0	0	153	166	1113648	1113635	210	27.0
DQ060923.1	LATX02000046.1	93.750	16	1	0	106	121	31873	31888	754	25.1
DQ060923.1	LATX02000046.1	100.000	13	0	0	192	204	367229	367241	754	25.1
DQ060923.1	LATX02000046.1	100.000	13	0	0	449	461	587292	587304	754	25.1
DQ060923.1	LATX02000046.1	100.000	13	0	0	72	84	1026937	1026925	754	25.1
DQ060923.1	LATX02000046.1	94.118	17	0	1	102	117	1098962	1098946	754	25.1
DQ060923.1	LATX02000036.1	90.909	22	0	1	161	182	35411	35430	58	28.8
DQ060923.1	LATX02000021.1	100.000	15	0	0	117	131	25897	25883	58	28.8
DQ060923.1	LATX02000021.1	90.000	20	1	1	134	153	61809	61791	754	25.1
DQ060923.1	LATX02000021.1	100.000	13	0	0	293	305	69352	69340	754	25.1
DQ060923.1	LATX02000020.1	94.444	18	1	0	227	244	32940	32957	58	28.8
DQ060923.1	LATX02000020.1	94.118	17	1	0	61	77	12816	12832	210	27.0
DQ060923.1	LATX02000020.1	100.000	14	0	0	227	240	20183	20196	210	27.0
DQ060923.1	LATX02000020.1	100.000	13	0	0	35	47	18988	18976	754	25.1
DQ060923.1	LATX02000013.1	94.444	18	1	0	405	422	325769	325786	58	28.8
DQ060923.1	LATX02000013.1	100.000	14	0	0	387	400	123897	123910	210	27.0
DQ060923.1	LATX02000013.1	90.000	20	2	0	166	185	427380	427399	210	27.0
DQ060923.1	LATX02000013.1	94.118	17	1	0	94	110	670273	670257	210	27.0
DQ060923.1	LATX02000013.1	100.000	14	0	0	148	161	689255	689242	210	27.0
DQ060923.1	LATX02000013.1	100.000	14	0	0	67	80	700690	700677	210	27.0
DQ060923.1	LATX02000013.1	94.118	17	1	0	223	239	780977	780993	210	27.0
DQ060923.1	LATX02000013.1	94.118	17	1	0	472	488	1000945	1000961	210	27.0
DQ060923.1	LATX02000013.1	100.000	13	0	0	427	439	12375	12387	754	25.1
DQ060923.1	LATX02000013.1	94.118	17	0	1	102	117	14336	14320	754	25.1
DQ060923.1	LATX02000013.1	94.118	17	0	1	102	117	15824	15808	754	25.1
DQ060923.1	LATX02000013.1	93.750	16	1	0	106	121	21483	21498	754	25.1
DQ060923.1	LATX02000013.1	93.750	16	1	0	170	185	139760	139775	754	25.1
DQ060923.1	LATX02000013.1	100.000	13	0	0	273	285	235132	235120	754	25.1
DQ060923.1	LATX02000013.1	100.000	13	0	0	320	332	367568	367580	754	25.1
DQ060923.1	LATX02000013.1	100.000	13	0	0	467	479	374392	374380	754	25.1
DQ060923.1	LATX02000013.1	100.000	13	0	0	34	46	490115	490103	754	25.1
DQ060923.1	LATX02000013.1	100.000	13	0	0	263	275	595885	595873	754	25.1
DQ060923.1	LATX02000013.1	100.000	13	0	0	151	163	689232	689220	754	25.1
DQ060923.1	LATX02000013.1	100.000	13	0	0	151	163	689492	689480	754	25.1
DQ060923.1	LATX02000013.1	93.750	16	1	0	42	57	768302	768317	754	25.1
DQ060923.1	LATX02000013.1	100.000	13	0	0	418	430	770980	770992	754	25.1
DQ060923.1	LATX02000013.1	100.000	13	0	0	66	78	788441	788453	754	25.1
DQ060923.1	LATX02000013.1	100.000	13	0	0	122	134	943197	943209	754	25.1
DQ060923.1	LATX02000013.1	94.118	17	0	1	102	117	950837	950821	754	25.1
DQ060923.1	LATX02000008.1	100.000	15	0	0	151	165	42499	42513	58	28.8
DQ060923.1	LATX02000011.1	100.000	14	0	0	104	117	116471	116458	210	27.0
DQ060923.1	LATX02000011.1	100.000	13	0	0	108	120	50408	50420	754	25.1
DQ060923.1	LATX02000254.1	94.118	17	1	0	258	274	54890	54906	210	27.0
DQ060923.1	LATX02000254.1	94.118	17	0	1	102	117	20238	20222	754	25.1
DQ060923.1	LATX02000247.1	94.444	18	0	1	90	107	198081	198097	210	27.0
DQ060923.1	LATX02000247.1	90.000	20	1	1	406	425	11580	11562	754	25.1
DQ060923.1	LATX02000244.1	94.444	18	0	1	406	422	35281	35264	210	27.0
DQ060923.1	LATX02000244.1	94.444	18	0	1	185	202	254542	254526	210	27.0
DQ060923.1	LATX02000244.1	100.000	13	0	0	129	141	111355	111343	754	25.1
DQ060923.1	LATX02000244.1	100.000	13	0	0	14	26	130029	130041	754	25.1
DQ060923.1	LATX02000244.1	94.118	17	0	1	102	117	131174	131158	754	25.1
DQ060923.1	LATX02000244.1	100.000	13	0	0	242	254	331137	331149	754	25.1
DQ060923.1	LATX02000243.1	100.000	14	0	0	452	465	162199	162186	210	27.0
DQ060923.1	LATX02000240.1	100.000	14	0	0	253	266	78299	78312	210	27.0
DQ060923.1	LATX02000238.1	100.000	14	0	0	133	146	53195	53208	210	27.0
DQ060923.1	LATX02000238.1	100.000	14	0	0	187	200	190305	190292	210	27.0
DQ060923.1	LATX02000233.1	100.000	14	0	0	213	226	20313	20300	210	27.0
DQ060923.1	LATX02000233.1	100.000	14	0	0	113	126	402528	402515	210	27.0
DQ060923.1	LATX02000233.1	100.000	13	0	0	375	387	93656	93668	754	25.1
DQ060923.1	LATX02000233.1	100.000	13	0	0	131	143	186182	186170	754	25.1
DQ060923.1	LATX02000233.1	93.750	16	1	0	290	305	241477	241492	754	25.1
DQ060923.1	LATX02000233.1	100.000	13	0	0	238	250	295181	295169	754	25.1
DQ060923.1	LATX02000233.1	100.000	13	0	0	227	239	377197	377209	754	25.1
DQ060923.1	LATX02000233.1	93.750	16	1	0	472	487	408527	408542	754	25.1
DQ060923.1	LATX02000233.1	100.000	13	0	0	122	134	506202	506190	754	25.1
DQ060923.1	LATX02000231.1	100.000	14	0	0	370	383	209970	209957	210	27.0
DQ060923.1	LATX02000231.1	94.118	17	1	0	182	198	239254	239238	210	27.0
DQ060923.1	LATX02000231.1	100.000	13	0	0	418	430	45595	45607	754	25.1
DQ060923.1	LATX02000231.1	93.750	16	1	0	241	256	87740	87755	754	25.1
DQ060923.1	LATX02000231.1	100.000	13	0	0	355	367	153199	153187	754	25.1
DQ060923.1	LATX02000231.1	100.000	13	0	0	145	157	156388	156376	754	25.1
DQ060923.1	LATX02000231.1	100.000	13	0	0	30	42	160309	160321	754	25.1
DQ060923.1	LATX02000231.1	93.750	16	1	0	112	127	225265	225250	754	25.1
DQ060923.1	LATX02000231.1	93.750	16	1	0	459	474	229252	229237	754	25.1
DQ060923.1	LATX02000230.1	94.118	17	1	0	269	285	73596	73580	210	27.0
DQ060923.1	LATX02000230.1	90.000	20	2	0	61	80	211981	211962	210	27.0
DQ060923.1	LATX02000230.1	93.750	16	1	0	187	202	27338	27323	754	25.1
DQ060923.1	LATX02000230.1	100.000	13	0	0	365	377	187746	187758	754	25.1
DQ060923.1	LATX02000230.1	93.750	16	1	0	89	104	193854	193869	754	25.1
DQ060923.1	LATX02000230.1	100.000	13	0	0	173	185	284068	284080	754	25.1
DQ060923.1	LATX02000228.1	100.000	14	0	0	127	140	157640	157653	210	27.0
DQ060923.1	LATX02000228.1	94.118	17	0	1	34	50	166389	166374	754	25.1
DQ060923.1	LATX02000228.1	100.000	13	0	0	129	141	179296	179308	754	25.1
DQ060923.1	LATX02000228.1	100.000	13	0	0	365	377	203489	203501	754	25.1
DQ060923.1	LATX02000228.1	100.000	13	0	0	457	469	227258	227270	754	25.1
DQ060923.1	LATX02000228.1	100.000	13	0	0	129	141	259233	259221	754	25.1
DQ060923.1	LATX02000226.1	100.000	14	0	0	51	64	164583	164596	210	27.0
DQ060923.1	LATX02000226.1	100.000	14	0	0	51	64	167937	167950	210	27.0
DQ060923.1	LATX02000226.1	100.000	14	0	0	51	64	174383	174396	210	27.0
DQ060923.1	LATX02000226.1	100.000	14	0	0	262	275	210653	210666	210	27.0
DQ060923.1	LATX02000226.1	100.000	13	0	0	150	162	46385	46397	754	25.1
DQ060923.1	LATX02000226.1	93.750	16	1	0	108	123	93863	93848	754	25.1
DQ060923.1	LATX02000226.1	93.750	16	1	0	108	123	96287	96272	754	25.1
DQ060923.1	LATX02000225.1	94.118	17	1	0	281	297	121823	121839	210	27.0
DQ060923.1	LATX02000225.1	100.000	14	0	0	464	477	299277	299290	210	27.0
DQ060923.1	LATX02000225.1	100.000	13	0	0	174	186	223841	223853	754	25.1
DQ060923.1	LATX02000223.1	100.000	14	0	0	19	32	229943	229930	210	27.0
DQ060923.1	LATX02000223.1	90.000	20	2	0	344	363	257286	257267	210	27.0
DQ060923.1	LATX02000223.1	100.000	14	0	0	188	201	289421	289408	210	27.0
DQ060923.1	LATX02000223.1	100.000	13	0	0	445	457	165444	165456	754	25.1
DQ060923.1	LATX02000223.1	100.000	13	0	0	212	224	201122	201110	754	25.1
DQ060923.1	LATX02000223.1	100.000	13	0	0	147	159	289501	289513	754	25.1
DQ060923.1	LATX02000222.1	100.000	14	0	0	129	142	41239	41226	210	27.0
DQ060923.1	LATX02000222.1	100.000	14	0	0	373	386	217608	217621	210	27.0
DQ060923.1	LATX02000222.1	100.000	13	0	0	31	43	265931	265919	754	25.1
DQ060923.1	LATX02000222.1	100.000	13	0	0	64	76	288643	288631	754	25.1
DQ060923.1	LATX02000222.1	93.750	16	1	0	240	255	310491	310506	754	25.1
DQ060923.1	LATX02000222.1	94.118	17	0	1	102	117	394695	394711	754	25.1
DQ060923.1	LATX02000222.1	94.118	17	0	1	102	117	411001	411017	754	25.1
DQ060923.1	LATX02000222.1	93.750	16	1	0	127	142	493169	493184	754	25.1
DQ060923.1	LATX02000222.1	100.000	13	0	0	342	354	504709	504697	754	25.1
DQ060923.1	LATX02000221.1	100.000	14	0	0	73	86	182900	182913	210	27.0
DQ060923.1	LATX02000221.1	100.000	14	0	0	183	196	305222	305209	210	27.0
DQ060923.1	LATX02000221.1	94.118	17	0	1	102	117	71480	71464	754	25.1
DQ060923.1	LATX02000221.1	100.000	13	0	0	432	444	229388	229376	754	25.1
DQ060923.1	LATX02000221.1	100.000	13	0	0	241	253	248672	248660	754	25.1
DQ060923.1	LATX02000219.1	100.000	14	0	0	133	146	225904	225917	210	27.0
DQ060923.1	LATX02000219.1	90.000	20	1	1	350	368	43088	43069	754	25.1
DQ060923.1	LATX02000219.1	93.750	16	1	0	269	284	128240	128255	754	25.1
DQ060923.1	LATX02000219.1	100.000	13	0	0	233	245	233404	233392	754	25.1
DQ060923.1	LATX02000217.1	100.000	14	0	0	167	180	203212	203199	210	27.0
DQ060923.1	LATX02000217.1	100.000	14	0	0	439	452	231794	231807	210	27.0
DQ060923.1	LATX02000217.1	94.118	17	1	0	274	290	346282	346298	210	27.0
DQ060923.1	LATX02000217.1	94.118	17	0	1	102	117	3977	3993	754	25.1
DQ060923.1	LATX02000217.1	93.750	16	1	0	298	313	91437	91422	754	25.1
DQ060923.1	LATX02000217.1	93.750	16	1	0	372	387	251543	251528	754	25.1
DQ060923.1	LATX02000217.1	100.000	13	0	0	416	428	357690	357678	754	25.1
DQ060923.1	LATX02000214.1	100.000	14	0	0	268	281	13518	13531	210	27.0
DQ060923.1	LATX02000214.1	94.118	17	0	1	116	132	16508	16523	754	25.1
DQ060923.1	LATX02000214.1	94.118	17	0	1	102	117	27027	27043	754	25.1
DQ060923.1	LATX02000214.1	100.000	13	0	0	106	118	31492	31504	754	25.1
DQ060923.1	LATX02000214.1	100.000	13	0	0	118	130	191741	191729	754	25.1
DQ060923.1	LATX02000214.1	100.000	13	0	0	460	472	222532	222520	754	25.1
DQ060923.1	LATX02000214.1	93.750	16	1	0	350	365	383289	383274	754	25.1
DQ060923.1	LATX02000209.1	100.000	14	0	0	184	197	311172	311185	210	27.0
DQ060923.1	LATX02000209.1	100.000	13	0	0	150	162	110627	110615	754	25.1
DQ060923.1	LATX02000209.1	100.000	13	0	0	418	430	139297	139309	754	25.1
DQ060923.1	LATX02000209.1	100.000	13	0	0	90	102	248589	248601	754	25.1
DQ060923.1	LATX02000209.1	100.000	13	0	0	274	286	354173	354185	754	25.1
DQ060923.1	LATX02000205.1	100.000	14	0	0	43	56	11974	11961	210	27.0
DQ060923.1	LATX02000205.1	100.000	14	0	0	375	388	316104	316091	210	27.0
DQ060923.1	LATX02000205.1	100.000	14	0	0	467	480	389681	389694	210	27.0
DQ060923.1	LATX02000205.1	100.000	13	0	0	148	160	67148	67160	754	25.1
DQ060923.1	LATX02000205.1	100.000	13	0	0	263	275	160426	160438	754	25.1
DQ060923.1	LATX02000205.1	100.000	13	0	0	183	195	181217	181229	754	25.1
DQ060923.1	LATX02000205.1	90.000	20	1	1	30	49	294247	294229	754	25.1
DQ060923.1	LATX02000205.1	100.000	13	0	0	43	55	326585	326573	754	25.1
DQ060923.1	LATX02000195.1	100.000	14	0	0	245	258	99489	99476	210	27.0
DQ060923.1	LATX02000195.1	94.118	17	1	0	268	284	317179	317195	210	27.0
DQ060923.1	LATX02000195.1	100.000	13	0	0	138	150	57184	57196	754	25.1
DQ060923.1	LATX02000195.1	94.118	17	0	1	437	453	281252	281267	754	25.1
DQ060923.1	LATX02000195.1	100.000	13	0	0	458	470	545468	545456	754	25.1
DQ060923.1	LATX02000192.1	100.000	14	0	0	417	430	132053	132066	210	27.0
DQ060923.1	LATX02000192.1	100.000	14	0	0	47	60	263531	263544	210	27.0
DQ060923.1	LATX02000192.1	100.000	14	0	0	281	294	458949	458936	210	27.0
DQ060923.1	LATX02000192.1	100.000	14	0	0	180	193	590828	590841	210	27.0
DQ060923.1	LATX02000192.1	100.000	13	0	0	167	179	39141	39129	754	25.1
DQ060923.1	LATX02000192.1	100.000	13	0	0	167	179	39928	39916	754	25.1
DQ060923.1	LATX02000192.1	100.000	13	0	0	22	34	242485	242497	754	25.1
DQ060923.1	LATX02000192.1	100.000	13	0	0	182	194	279572	279584	754	25.1
DQ060923.1	LATX02000192.1	90.000	20	0	1	38	55	576197	576178	754	25.1
DQ060923.1	LATX02000188.1	100.000	14	0	0	21	34	174042	174029	210	27.0
DQ060923.1	LATX02000188.1	100.000	13	0	0	133	145	147748	147760	754	25.1
DQ060923.1	LATX02000188.1	100.000	13	0	0	427	439	220000	219988	754	25.1
DQ060923.1	LATX02000188.1	100.000	13	0	0	16	28	258992	258980	754	25.1
DQ060923.1	LATX02000184.1	94.118	17	1	0	255	271	647721	647737	210	27.0
DQ060923.1	LATX02000184.1	93.750	16	1	0	106	121	7573	7588	754	25.1
DQ060923.1	LATX02000184.1	93.750	16	1	0	106	121	9096	9111	754	25.1
DQ060923.1	LATX02000184.1	93.750	16	1	0	106	121	10572	10587	754	25.1
DQ060923.1	LATX02000184.1	100.000	13	0	0	31	43	103967	103979	754	25.1
DQ060923.1	LATX02000184.1	100.000	13	0	0	279	291	205268	205256	754	25.1
DQ060923.1	LATX02000184.1	100.000	13	0	0	83	95	566565	566577	754	25.1
DQ060923.1	LATX02000184.1	93.750	16	1	0	447	462	567865	567850	754	25.1
DQ060923.1	LATX02000183.1	100.000	14	0	0	122	135	125761	125774	210	27.0
DQ060923.1	LATX02000183.1	94.118	17	1	0	434	450	581681	581665	210	27.0
DQ060923.1	LATX02000183.1	100.000	13	0	0	10	22	128044	128056	754	25.1
DQ060923.1	LATX02000183.1	100.000	13	0	0	285	297	155929	155941	754	25.1
DQ060923.1	LATX02000183.1	100.000	13	0	0	462	474	409601	409589	754	25.1
DQ060923.1	LATX02000183.1	100.000	13	0	0	224	236	410575	410563	754	25.1
DQ060923.1	LATX02000183.1	100.000	13	0	0	179	191	475251	475263	754	25.1
DQ060923.1	LATX02000183.1	100.000	13	0	0	265	277	495958	495970	754	25.1
DQ060923.1	LATX02000183.1	100.000	13	0	0	79	91	511240	511228	754	25.1
DQ060923.1	LATX02000183.1	93.750	16	1	0	226	241	668633	668648	754	25.1
DQ060923.1	LATX02000179.1	94.118	17	1	0	58	74	507505	507521	210	27.0
DQ060923.1	LATX02000179.1	100.000	13	0	0	154	166	160476	160464	754	25.1
DQ060923.1	LATX02000179.1	100.000	13	0	0	301	313	240156	240168	754	25.1
DQ060923.1	LATX02000179.1	94.118	17	0	1	102	117	261305	261321	754	25.1
DQ060923.1	LATX02000179.1	100.000	13	0	0	263	275	359254	359266	754	25.1
DQ060923.1	LATX02000179.1	100.000	13	0	0	114	126	395125	395137	754	25.1
DQ060923.1	LATX02000179.1	100.000	13	0	0	180	192	416096	416084	754	25.1
DQ060923.1	LATX02000105.1	100.000	14	0	0	227	240	1782	1795	210	27.0
DQ060923.1	LATX02000100.1	94.118	17	1	0	418	434	319310	319326	210	27.0
DQ060923.1	LATX02000100.1	90.476	21	1	1	453	473	620113	620094	210	27.0
DQ060923.1	LATX02000100.1	90.476	21	1	1	327	346	801725	801745	210	27.0
DQ060923.1	LATX02000100.1	94.118	17	0	1	102	117	183920	183904	754	25.1
DQ060923.1	LATX02000100.1	94.118	17	0	1	102	117	229949	229933	754	25.1
DQ060923.1	LATX02000100.1	93.750	16	1	0	108	123	562505	562490	754	25.1
DQ060923.1	LATX02000100.1	100.000	13	0	0	323	335	1057780	1057768	754	25.1
DQ060923.1	LATX02000100.1	100.000	13	0	0	463	475	1086381	1086393	754	25.1
DQ060923.1	LATX02000078.1	100.000	14	0	0	228	241	92873	92886	210	27.0
DQ060923.1	LATX02000078.1	100.000	14	0	0	141	154	237576	237589	210	27.0
DQ060923.1	LATX02000078.1	100.000	14	0	0	280	293	485794	485781	210	27.0
DQ060923.1	LATX02000078.1	94.118	17	1	0	96	112	505529	505513	210	27.0
DQ060923.1	LATX02000078.1	100.000	14	0	0	139	152	513018	513031	210	27.0
DQ060923.1	LATX02000078.1	100.000	14	0	0	360	373	1031090	1031103	210	27.0
DQ060923.1	LATX02000078.1	100.000	13	0	0	13	25	37752	37764	754	25.1
DQ060923.1	LATX02000078.1	100.000	13	0	0	117	129	420021	420009	754	25.1
DQ060923.1	LATX02000078.1	100.000	13	0	0	144	156	515609	515597	754	25.1
DQ060923.1	LATX02000078.1	93.750	16	1	0	62	77	603210	603225	754	25.1
DQ060923.1	LATX02000078.1	100.000	13	0	0	267	279	616963	616951	754	25.1
DQ060923.1	LATX02000078.1	93.750	16	1	0	380	395	769123	769138	754	25.1
DQ060923.1	LATX02000078.1	94.118	17	0	1	102	117	993568	993552	754	25.1
DQ060923.1	LATX02000078.1	93.750	16	1	0	13	28	1121227	1121212	754	25.1
DQ060923.1	LATX02000078.1	100.000	13	0	0	371	383	1186877	1186865	754	25.1
DQ060923.1	LATX02000068.1	94.118	17	1	0	135	151	127077	127093	210	27.0
DQ060923.1	LATX02000068.1	94.118	17	1	0	380	396	479650	479666	210	27.0
DQ060923.1	LATX02000068.1	100.000	14	0	0	375	388	489465	489452	210	27.0
DQ060923.1	LATX02000068.1	100.000	14	0	0	30	43	491724	491737	210	27.0
DQ060923.1	LATX02000068.1	93.750	16	1	0	259	274	224385	224370	754	25.1
DQ060923.1	LATX02000068.1	100.000	13	0	0	92	104	454097	454085	754	25.1
DQ060923.1	LATX02000040.1	100.000	14	0	0	363	376	7910	7897	210	27.0
DQ060923.1	LATX02000038.1	100.000	14	0	0	118	131	3806	3819	210	27.0
DQ060923.1	LATX02000028.1	100.000	14	0	0	180	193	25292	25279	210	27.0
DQ060923.1	LATX02000028.1	100.000	13	0	0	179	191	55423	55435	754	25.1
DQ060923.1	LATX02000015.1	100.000	14	0	0	377	390	55056	55069	210	27.0
DQ060923.1	LATX02000015.1	90.000	20	2	0	112	131	99881	99862	210	27.0
DQ060923.1	LATX02000015.1	93.750	16	1	0	456	471	14677	14662	754	25.1
DQ060923.1	LATX02000014.1	94.444	18	0	1	274	291	30096	30112	210	27.0
DQ060923.1	LATX02000014.1	100.000	13	0	0	133	145	10857	10845	754	25.1
DQ060923.1	LATX02000014.1	100.000	13	0	0	388	400	102637	102625	754	25.1
DQ060923.1	LATX02000014.1	100.000	13	0	0	388	400	104822	104810	754	25.1
DQ060923.1	LATX02000012.1	94.444	18	0	1	235	251	14084	14067	210	27.0
DQ060923.1	LATX02000012.1	100.000	14	0	0	106	119	20012	19999	210	27.0
DQ060923.1	LATX02000012.1	100.000	13	0	0	61	73	61412	61400	754	25.1
DQ060923.1	LATX02000012.1	100.000	13	0	0	285	297	89396	89408	754	25.1
DQ060923.1	LATX02000006.1	100.000	14	0	0	455	468	68504	68517	210	27.0
DQ060923.1	LATX02000006.1	100.000	13	0	0	421	433	73293	73281	754	25.1
DQ060923.1	LATX02000005.1	90.476	21	1	1	102	121	119205	119225	210	27.0
DQ060923.1	LATX02000005.1	90.476	21	1	1	102	121	120736	120756	210	27.0
DQ060923.1	LATX02000005.1	100.000	13	0	0	293	305	6480	6468	754	25.1
DQ060923.1	LATX02000005.1	100.000	13	0	0	432	444	142765	142777	754	25.1
DQ060923.1	LATX02000002.1	100.000	14	0	0	421	434	26311	26298	210	27.0
DQ060923.1	LATX02000002.1	100.000	13	0	0	150	162	1394	1406	754	25.1
DQ060923.1	LATX02000002.1	100.000	13	0	0	287	299	38889	38877	754	25.1
DQ060923.1	LATX02000002.1	100.000	13	0	0	43	55	42214	42202	754	25.1
DQ060923.1	LATX02000253.1	100.000	13	0	0	203	215	96223	96235	754	25.1
DQ060923.1	LATX02000252.1	100.000	13	0	0	120	132	32312	32300	754	25.1
DQ060923.1	LATX02000252.1	100.000	13	0	0	432	444	87054	87042	754	25.1
DQ060923.1	LATX02000252.1	100.000	13	0	0	432	444	88171	88159	754	25.1
DQ060923.1	LATX02000252.1	100.000	13	0	0	113	125	196229	196241	754	25.1
DQ060923.1	LATX02000249.1	90.000	20	1	1	263	281	31551	31532	754	25.1
DQ060923.1	LATX02000249.1	94.118	17	0	1	102	117	148005	147989	754	25.1
DQ060923.1	LATX02000249.1	94.118	17	0	1	102	117	153600	153616	754	25.1
DQ060923.1	LATX02000249.1	100.000	13	0	0	259	271	171036	171024	754	25.1
DQ060923.1	LATX02000246.1	100.000	13	0	0	148	160	9418	9430	754	25.1
DQ060923.1	LATX02000246.1	100.000	13	0	0	457	469	75357	75345	754	25.1
DQ060923.1	LATX02000242.1	100.000	13	0	0	85	97	146307	146319	754	25.1
DQ060923.1	LATX02000237.1	100.000	13	0	0	4	16	89128	89140	754	25.1
DQ060923.1	LATX02000237.1	100.000	13	0	0	4	16	123089	123077	754	25.1
DQ060923.1	LATX02000237.1	93.750	16	1	0	4	19	124367	124352	754	25.1
DQ060923.1	LATX02000235.1	93.750	16	1	0	167	182	42203	42188	754	25.1
DQ060923.1	LATX02000235.1	93.750	16	1	0	106	121	180879	180864	754	25.1
DQ060923.1	LATX02000234.1	100.000	13	0	0	228	240	52996	52984	754	25.1
DQ060923.1	LATX02000229.1	93.750	16	1	0	271	286	287262	287277	754	25.1
DQ060923.1	LATX02000213.1	93.750	16	1	0	132	147	12616	12601	754	25.1
DQ060923.1	LATX02000213.1	94.118	17	0	1	352	367	278312	278296	754	25.1
DQ060923.1	LATX02000213.1	94.118	17	0	1	102	117	369297	369281	754	25.1
DQ060923.1	LATX02000204.1	93.750	16	1	0	268	283	21989	21974	754	25.1
DQ060923.1	LATX02000204.1	90.000	20	1	1	262	281	41790	41808	754	25.1
DQ060923.1	LATX02000196.1	100.000	13	0	0	377	389	37371	37383	754	25.1
DQ060923.1	LATX02000196.1	100.000	13	0	0	202	214	67479	67491	754	25.1
DQ060923.1	LATX02000196.1	90.000	20	1	1	237	256	85421	85403	754	25.1
DQ060923.1	LATX02000196.1	100.000	13	0	0	203	215	140001	140013	754	25.1
DQ060923.1	LATX02000196.1	100.000	13	0	0	222	234	317290	317278	754	25.1
DQ060923.1	LATX02000196.1	100.000	13	0	0	122	134	332238	332250	754	25.1
DQ060923.1	LATX02000196.1	93.750	16	1	0	341	356	347733	347718	754	25.1
DQ060923.1	LATX02000196.1	100.000	13	0	0	88	100	353453	353465	754	25.1
DQ060923.1	LATX02000196.1	100.000	13	0	0	16	28	422751	422739	754	25.1
DQ060923.1	LATX02000196.1	94.118	17	0	1	102	117	429387	429403	754	25.1
DQ060923.1	LATX02000126.1	100.000	13	0	0	144	156	988	976	754	25.1
DQ060923.1	LATX02000111.1	100.000	13	0	0	395	407	2572	2584	754	25.1
DQ060923.1	LATX02000111.1	100.000	13	0	0	430	442	115277	115289	754	25.1
DQ060923.1	LATX02000111.1	93.750	16	1	0	265	280	216900	216885	754	25.1
DQ060923.1	LATX02000090.1	93.750	16	1	0	291	306	1125	1140	754	25.1
DQ060923.1	LATX02000076.1	94.118	17	0	1	352	367	4305	4289	754	25.1
DQ060923.1	LATX02000062.1	100.000	13	0	0	174	186	5440	5452	754	25.1
DQ060923.1	LATX02000057.1	100.000	13	0	0	415	427	102489	102477	754	25.1
DQ060923.1	LATX02000057.1	100.000	13	0	0	233	245	316882	316870	754	25.1
DQ060923.1	LATX02000057.1	100.000	13	0	0	289	301	392628	392640	754	25.1
DQ060923.1	LATX02000057.1	93.750	16	1	0	326	341	626956	626941	754	25.1
DQ060923.1	LATX02000054.1	100.000	13	0	0	144	156	905	893	754	25.1
DQ060923.1	LATX02000052.1	94.118	17	0	1	102	117	12572	12588	754	25.1
DQ060923.1	LATX02000052.1	94.118	17	0	1	102	117	16806	16790	754	25.1
DQ060923.1	LATX02000052.1	94.118	17	0	1	102	117	17722	17706	754	25.1
DQ060923.1	LATX02000049.1	100.000	13	0	0	466	478	22856	22868	754	25.1
DQ060923.1	LATX02000047.1	100.000	13	0	0	432	444	5010	5022	754	25.1
DQ060923.1	LATX02000047.1	100.000	13	0	0	311	323	17333	17345	754	25.1
DQ060923.1	LATX02000045.1	93.750	16	1	0	39	54	10631	10616	754	25.1
DQ060923.1	LATX02000041.1	100.000	13	0	0	150	162	23977	23989	754	25.1
DQ060923.1	LATX02000032.1	90.000	20	1	1	263	281	7267	7248	754	25.1
DQ060923.1	LATX02000031.1	100.000	13	0	0	23	35	32755	32743	754	25.1
DQ060923.1	LATX02000030.1	94.118	17	0	1	102	117	3546	3562	754	25.1
DQ060923.1	LATX02000023.1	100.000	13	0	0	107	119	27217	27205	754	25.1
DQ060923.1	LATX02000023.1	100.000	13	0	0	283	295	33181	33193	754	25.1
DQ060923.1	LATX02000019.1	94.118	17	0	1	102	117	31984	31968	754	25.1
DQ060923.1	LATX02000019.1	100.000	13	0	0	130	142	34064	34052	754	25.1
DQ060923.1	LATX02000019.1	100.000	13	0	0	110	122	44292	44304	754	25.1
DQ060923.1	LATX02000019.1	100.000	13	0	0	110	122	47079	47091	754	25.1
DQ060923.1	LATX02000018.1	93.750	16	1	0	132	147	6732	6747	754	25.1
DQ060923.1	LATX02000017.1	94.118	17	0	1	102	117	30448	30432	754	25.1
DQ060923.1	LATX02000016.1	100.000	13	0	0	111	123	1053	1065	754	25.1
DQ060923.1	LATX02000016.1	100.000	13	0	0	269	281	3149	3161	754	25.1
DQ060923.1	LATX02000016.1	94.118	17	0	1	102	117	5055	5071	754	25.1
DQ060923.1	LATX02000009.1	100.000	13	0	0	348	360	92705	92693	754	25.1
DQ060923.1	LATX02000007.1	100.000	13	0	0	115	127	36882	36894	754	25.1
DQ060923.1	LATX02000007.1	100.000	13	0	0	63	75	45892	45880	754	25.1
DQ060923.1	LATX02000004.1	94.118	17	0	1	102	117	22430	22414	754	25.1
DQ060923.1	LATX02000003.1	100.000	13	0	0	129	141	19053	19041	754	25.1
DQ060923.1	LATX02000003.1	93.750	16	1	0	105	120	85408	85423	754	25.1
DQ060923.1	LATX02000003.1	100.000	13	0	0	11	23	118741	118753	754	25.1
DQ060923.1	LATX02000003.1	94.118	17	0	1	102	117	162387	162403	754	25.1
